0.0000000000000000 0.3694014730751040 13.0000000000000000 6.0000000000000000 -2.2503456913096698 -4.1272366070072355 -1.2912387695724785 -0.5703774385807399 -0.0235456458154721 3.0117839177634727 2.2145144783446944 1.4517454761473474 -0.2267452658780326 2.5928190113445817 3.5533199383506564 -1.1830569408701832 2.1522815581679877 -1.8331999379169766 -4.0754660965921046 -1.3663701574036855 -2.2402613052057783 0.9422623748882293 -1.0485122663272484 -0.1698095023164644 1.3716607992582310 1.3090116633295863 3.0370806105299191 1.4375349680395528 1.1851176986391836 1.2476231797288695 2.9081593368007779 -0.6554499724982381 1.2361232659513981 -0.0443361673802404 0.1841929136079902 -0.7544440247435200 1.7389220577517079 -2.6074330170691238 3.0629938093452416 -1.8628255393045106 4.8398708508049531 -2.0297192330937990 -1.6172730617279287 -0.8135460077892823 -1.1521887666218782 -0.3278377858382014 -1.9898934287362355 -0.2091161417177491 -0.1985291180963653 -1.1597525483132811 3.8988676156914206 0.3582864415795904 -0.3517683658662119 0.6036999276563340 -3.4734406814405441 -1.6127099120420327 0.1973926224697089 -1.5485218596431665 -1.6981656208320859 1.4008479369830324 -0.4649487941641177 -2.8378097068896784 3.8383086234718164 -3.7057031934605154 -2.0882093497443104 -3.0579192054212472 0.1454507896665004 -0.4625293378823782 -2.7370450436007809 -2.1175237811416254 -2.0581601642661762 1.0177212247897769 0.4319888806696641 3.9016668603851841 -7.2650870064900923 -0.9007111503526845 -1.2286471731927224 4.4992216072288160 -0.8480628582324814 1.9174324257553230 -3.7695317609688384 -0.1605241606045061 -1.2110745371083746 1.2997881352053429 -0.3294693178006084 5.0189415492910916 -3.5638293970324271 2.3636026085246451 -6.3907484965308967 0.5012530160416353 -0.5336396223921615 0.8719753197623170 -1.8747567797987839 -0.1600573879379539 1.4454568257656861
1.0000000000000000 0.3742974944194959 13.0000000000000000 6.0000000000000000 0.4593075689831059 1.8805824851114044 -5.2207365209386580 -2.3460520035964683 -3.2806989179740134 0.1695067945662594 0.7815281359085110 0.2842558934098950 6.0816240258419887 -4.3076642721744633 -1.0280190129978497 -2.3938143175952158 -4.3300284136562954 0.4073911796507096 -2.2380840698204407 -3.1227882198522576 -1.6918667443970261 4.3057419333970586 2.6824924855271584 1.5830848268266293 3.0341710091314926 -2.2051011498022319 -0.9407884063430501 2.5630966715350718 -1.2894008013921812 -1.0772493835142103 2.5316333081409876 -0.2481851973507146 2.1137067485003103 -0.1478946404906070 -1.4907563299532915 0.5974064326183395 0.7631483873322304 -5.2875846948647052 1.2916849345415602 0.8230255179859585 4.3442559671833560 2.1800525779552418 -1.8932235585196302 0.3179998396634559 -0.5613908637956083 2.8629899575151052 1.8434055561980500 2.5902364857294007 1.7606767323360302 1.8591507757739663 -1.2858844267063705 6.4962810826078945 -1.3118321302421223 0.5944508195487067 -2.7300600441228777 2.9292725731521396 4.3943070711940155 2.3283149943406642 2.6553693020532703 -0.6279622980587616 -2.8140601805140872 -0.3941285768321894 1.2516478954556776 0.5192956383538032 3.3013765369148240 1.4831259907184091 1.5673001348467914 0.5757133212465568 -1.2485158865611921 -1.5078502927141790 -0.2721575500888089 1.3100052430296776 1.5026938035152033 6.9334758454725520 1.3316279607528658 0.5026905061871288 4.5554862641809759 2.8853057978046364 3.8889670330795343 0.7307687877087918 -0.7435308468256618 2.9986983616392919 -0.2975694472851288 0.9752407156465219 -2.1411809386349892 -1.1271968706607620 0.4499585693329053 -1.4505460844694267 1.6256787725390263 0.8694100576774004 -1.1082589036341433 1.1902765644873927 -1.3117383826083999 4.4720258484692925 -1.4545995711114899
2.0000000000000000 0.3700736021777424 13.0000000000000000 6.0000000000000000 0.7635388752525989 -1.7865173017761502 -2.0567386668506433 2.3925490702721475 -2.4573918003998534 -1.0257344601400036 5.8605394285161267 -2.1541759272697911 -1.3157249600973377 -4.1708833014443591 2.9224306508484705 -0.7475627602591393 -2.5696231996253638 -2.2661676978277794 -3.3786047337178995 -5.2623783652678604 0.6198365554031721 3.3866789951990519 4.4282002832279597 -0.5707636899943653 -4.9738156919938472 3.5208580925071944 0.0762021168876387 -4.4091348217828612 -6.8755205578521732 -3.3739826789320357 0.9549240905456101 -0.3199745528276584 -2.5125573669665897 -1.0891823465234038 -0.3661462864325100 -0.6539389969987599 4.8462390031729345 -1.4071227698648132 2.3321103287824405 -0.7704946814457425 -3.3783408537008404 -2.7253174683686061 -3.3240020200199289 0.2495743759221933 -1.2961026355135941 1.7558851809435623 0.9435048479668411 0.8021321501707065 -0.1253275007926541 3.2014062796487872 -2.1153878350167998 0.6467372048186240 -2.7388496602864869 -3.1790892548763514 -1.9634233421865390 -0.7273011800300866 1.4334872987307938 2.5281931449134549 0.1373837684908312 -1.7569735430310200 -1.4647481084881315 3.5298003471610468 0.5455772066859848 0.6701491550085007 1.6826404434481186 -1.0180021045071010 1.1514371810070811 -0.7552862691936675 -0.5862406685630356 0.2900847371835816 0.2367140842206072 -0.4567094989294491 -3.3503742989415275 0.5035017032736331 -0.0762306599781406 2.6533980600391733 1.4176229432129523 3.0217872117899089 1.0999612400426200 1.7451928767712053 1.7319464671724396 0.6555233303484297 2.8828595992231798 -4.2868921940628253 -3.9045100100987873 5.7339900302653186 -3.9071125613400346 2.0004367755215977 2.4508993915603723 2.4926077897050156 -3.3559704383708642 2.1742299157822895 0.0200186857329545 7.4860370486513297 -0.9837411925546636
3.0000000000000000 0.3410876864103620 13.0000000000000000 6.0000000000000000 3.4485301869651783 -1.4549062561019259 -0.8464065931422009 -0.2724207669261798 -3.3465813269749400 -4.7169466285728685 1.9921038452840185 -0.2646963654416611 0.1215190848399955 1.7422163814599676 4.4296627815675365 0.9521724138257853 1.6260648339812662 -0.7314846915086064 -4.1373963690568036 1.7685257467719726 2.7155761855162850 4.1475006443176179 2.4767931256395537 -3.3982342773795748 -5.3262668916455933 1.9302109764164830 -4.0121942589439747 -1.4274577966242890 -7.2120203130121148 -7.4094880654326341 1.8244230190011845 0.6251394881449758 2.3007578649171112 2.0944639407019392 -0.2884510352986575 -2.0131682566477314 4.8151272877621292 0.3430276790302854 -2.6100053209027676 0.4012431816022530 -1.2720540786429848 -1.9492042636752740 0.2835758659517136 -2.1215726393047047 1.4641462507165051 3.2073935326823246 -6.4957962186614351 0.4320688115861230 -2.1662153173123659 0.1458754752948754 0.8638721021858318 3.0970822981373725 1.2663006761876234 -1.8959844612506225 1.8010882608378398 3.0002829589869533 -1.4733919219866030 1.7560419454912188 0.9148419919742119 0.0087689025463171 -3.1442961970311774 4.6649831690422978 -2.9659797876988137 -0.4704764887683168 -2.0242189676107509 5.5484843088376730 -3.9745814092202001 -1.0003793075479184 -2.0173491287732976 -1.0991187821085733 -3.7486696198020439 -0.9371155566333103 -2.8397078246400609 2.4579631525322769 -4.2426254791651159 0.9512849411089603 1.7282878395850350 0.7569972869389786 3.5274301569891997 0.3122871483381369 -1.4033339413971542 5.2468134490585765 0.6733874365595136 -0.5913164295101219 -4.9110250005214340 1.4251334686823531 -5.3058509179718127 2.0342283939616235 1.4652141942613928 4.2350068566072636 1.2000045921938669 4.4860530598301374 -5.0387941597441843 4.4228027377899766 0.0823077424392454
4.0000000000000000 0.3660187414996747 13.0000000000000000 6.0000000000000000 2.5008094048237841 -5.5999836881876242 -5.3432338741909318 6.0592899056845351 -0.3962152234020295 -1.7582726633071768 2.9516101929484582 -2.4810154536537716 0.0837835497908185 1.5656380089200983 1.4368315312602111 0.6381572329904235 7.9532410569437273 -1.9355801894378541 -3.4699796334365804 -3.6262777721979935 2.8583597659940283 6.6234611505837613 1.2961090589668181 -3.2924359754228818 -2.7807281129628540 1.8495695937219048 -1.5659120098322443 0.4870545818566322 0.1921035487283085 -1.3733058395277764 -1.1469613238039824 -2.9494436370617070 1.1995793696977661 -0.4454896864220204 -3.4853203700680400 -0.8611122174413133 3.9087943261601126 -1.7148063557933919 3.9444234339967497 3.9682876937192511 0.0027585983215583 3.3685170359728049 -2.0676429989199390 0.4660766922807912 2.6573695179899515 -0.8657939590908188 -0.0566884697266994 4.1265705632850755 0.1575667893067210 -2.6965910296516662 -1.0596858838850862 -1.5550136133598444 -1.7529144930412044 -3.9259456949772913 -2.0124243384439851 1.7304260847302795 3.7427972693282521 4.5363404486136538 3.6812724394635099 -2.9002965238120604 -6.0041010685795388 3.4348666294342465 -5.2211204012742227 -3.1066319788094487 -3.0572671576510331 4.3271751154248150 1.1824716156898065 2.1136225526391232 0.9812535562631897 -5.0522187241772460 -1.2107372281694493 -0.0084583038737605 -1.1029445120372239 4.9051028182096390 -2.8229507094226758 1.1242196510459708 -1.4156043289789384 2.6109641000483359 3.0829857765196396 3.6306733123518127 2.8740702245904073 3.1296885997855322 2.6607754303548905 0.1990647328186461 -1.6050119054548067 3.5188697907281208 -4.0387472631765338 -0.6137944447070653 3.8919526218699456 -0.4485819453250532 1.2165189893359678 4.5585306684614935 -3.8691070612416461 2.9986043365313133 3.1655366628829782
5.0000000000000000 0.3606438095357219 13.0000000000000000 6.0000000000000000 2.1924351968948264 -1.8132905121727645 -3.4125379888219980 -1.1982696558667449 -0.7897129641027495 -4.6062206563238535 3.8388684933577846 0.7560613871937639 -2.0707929911772198 -1.2533039209464614 3.7995676421900937 -0.9597442452596895 5.7874831703379801 -3.7989875301328819 -3.3203125947960475 -4.8327928370764388 -2.2213562515077552 4.1616906977381403 3.8890071899250236 0.6749204240129778 -2.6908260415630845 0.7877750446669664 -2.2423332384345240 -2.2762289464592045 -3.3707074403924833 -1.2915768570459392 -5.8223672035372536 -5.6573154215040695 1.3566887000676060 0.9778409675881252 3.8044891246106127 -0.2860730728871607 5.3994774932348824 4.9766141084296214 -1.4176691342405805 2.3751717604155900 -1.5777448080610439 -0.6955258964481497 -0.8500259153280434 -1.7327931346063359 1.8702971731141522 -0.1410917298178203 -6.9683760060479152 -0.3495340003190062 4.6114671535491070 1.6319563163874959 0.4561073743716828 0.2409959999278801 -5.6991791102434251 -1.6553871084978933 -1.0044451134337957 2.4347768812328532 -1.6515407910219808 1.7523253545219197 -0.4555879755475074 -0.8129206995916679 -2.4276013861781411 -0.2399384933544968 -0.8316544570781819 -3.3020328770053338 -3.4627296165947894 0.4474468762387884 4.5617233092461884 -0.4610874905172668 4.7179573476404375 -0.6619824184561275 1.8150158466388855 -0.0897920464304162 -2.7570071850469802 4.7627725583563194 -1.0479734370643004 0.2597970903625011 -1.7272212390247978 -1.4310074234921806 -0.1252997257743438 0.5596429503277924 -0.1764301242282742 2.0059215841342066 1.4147973976375408 -4.2787827354479493 -2.7283436249889750 6.4036082936638241 -1.3208898406273062 1.3752446406440653 2.7659689053054612 0.5962504489858682 1.8280245165351279 3.4263228230318972 -2.4288755102528699 8.7631163439789734 1.2357182648227529
6.0000000000000000 0.2091669337059098 13.0000000000000000 6.0000000000000000 2.3834059943249271 -2.3133291281928274 -3.5836577605085083 -3.5020516977964884 -1.4162796993476034 -0.5908684091119816 5.0213470202105404 0.5850744434008095 -2.6029124428211605 0.7702255514447567 5.5316340615069484 -3.8831569429163322 6.0369163670354968 -2.7605340649536831 -3.7470772225290863 -3.3846490894847436 0.4732199544165663 2.7244597097441186 3.6634475062798049 0.6378764972968847 -6.5773807258145309 0.1346759893847187 0.0126692364231568 -5.5450267836152847 1.2448205547952189 -0.5272285573523831 -0.8763421483305476 -1.0161024440261759 6.6256932093192731 4.0324458203462088 -2.9399063445523304 -2.6625290958865473 2.4590169134902364 3.2352950674926841 1.9351018998354610 0.3470575323385027 0.8141545168278899 -3.3307271018032525 -0.6520996053095636 -3.5575633576865200 0.7395528684654638 -1.1711581451610300 -7.5102435641892704 0.5668236212228246 5.8759125519967590 -3.7094950530127768 1.5347579728220835 4.3454067520933002 -2.1749210437474735 -2.4971758787147755 -0.9760890558058616 4.1725203886136866 -1.5029552453934445 4.2731995214564380 -1.8493290393789328 2.3106440815428959 -4.0874924594133617 -3.7069965548444399 -1.4959474900068916 0.0366459723356853 0.6195817936998693 2.3987251732022559 4.5900659515211073 2.2113210945392039 1.4795971626879703 -2.7531394865789469 -0.6513368120044134 -0.6680711890901354 -5.1886159547148196 3.3143804762162876 -0.9832953066761060 -1.3568387578448540 1.9191011683136319 0.5251728939953551 0.2878319175870439 2.0778687657191544 -2.8503103316220191 0.3843824015436523 -0.2389183539537783 -3.3644150685096514 -4.4316464683527350 -1.2653996315989029 -3.5995267415944139 -0.9285240616744364 4.7469727625455249 1.3002553805539914 2.7696337924662826 0.3329189091413443 -2.5048203881420870 3.1409038979344506 2.8967159183409357
7.0000000000000000 0.3172968291971232 13.0000000000000000 6.0000000000000000 2.9989875503141903 -6.4374832246333487 -3.6516978228464243 1.3002894086103922 -0.8407067131155704 -0.1883956351462204 6.9043776288510728 -4.9720840165399860 -2.2565690918164041 -1.3458696934201462 -0.0231235520383815 0.6076788478955280 5.8077395469930808 -3.5190187618220152 -6.0722346223134807 -3.1839689069630328 2.7173604839897001 0.7936086762098675 5.4982221432854050 -1.1392052984375378 -2.5484607882578318 0.8049047110869973 -3.8454699549414784 -2.9094628497922104 0.7838975353865971 -3.3284248136435712 -2.0486322566274184 -6.4466697847104868 3.3714167290619770 1.0752841135677715 -3.2326132953451534 -4.5694882667339671 1.0738128306079093 -1.2949711894828067 0.7578992003377677 0.5657441649997340 1.4982554665021479 0.2196879398709533 -1.6855127341551599 -3.7901801928793839 1.9538193264172850 -2.8750397258435409 -2.7129111726179653 2.2160372726185464 5.7165871897443168 4.0662918195365290 -1.6414357378397373 2.5998434098887993 0.1732354933703175 -1.5683823533824701 -1.0824724651441424 2.0962131321412869 -3.9077827121700901 4.5566383559717298 -4.8998586699198867 -0.8080251066274950 -4.0035788042552589 -0.3272764775403209 2.1856027996333545 -1.3410326389591187 0.7044381883984233 2.2255311750197446 1.1588906301307345 -1.3965354228799640 1.6663530169768594 -0.6666512420484795 -0.0400367175311752 0.2018621122230614 -2.4561929388021864 4.2101586533814119 1.8049705966962686 0.1533160221138594 0.0761081737266577 1.3511617713844046 1.6416108716032198 2.0312210285450853 0.6428203232170473 7.7884191530691753 2.5815512405707790 -0.7505364167898589 -1.4592159590937686 2.3047524117754192 -5.8972796546784245 -3.2491650593025230 8.1365028561450163 1.3665832015009094 -0.8067554198023226 6.1151192176402311 -2.5104578776753526 3.9725012737629051 5.9136418254724870
8.0000000000000000 0.3060243797018630 13.0000000000000000 6.0000000000000000 4.3394247383324274 -5.9821816451057179 -4.8070315580329090 -1.1255299702218005 -1.9470874990649629 -2.1086393124652112 5.2936187053872175 -2.9156937744574050 -0.4492986226673532 -1.1946391418200504 0.0095711697790550 -2.1928169438035097 1.9222383303826507 -1.3353207431032712 -2.7320869095759286 0.2942681253612227 0.1016886869069913 1.8722095578264080 4.6037615433707106 -2.2818617576767668 -0.2615225660791918 0.9079491702706455 -4.2049564223909046 -2.1856705415107598 0.0182589956093233 -0.6290792619728249 -1.6022236139730550 -5.6825125253714415 3.3389054746311442 1.4510604515730487 -2.8316737500153715 -6.7191972941320373 6.1101395400495440 1.4875623645925578 2.5913642782001580 -2.7492261735677404 0.0317238746081014 -5.0375583182486592 -7.3762126457417176 -3.5316307967810756 5.8320191710869738 -3.2995520981340380 -3.9823505767551950 2.7010979877774428 1.8393145032812597 -0.0205477289827785 1.1207269244565601 1.5756850027563676 1.1995214756092980 -1.2679403405398313 0.8183942424421489 4.3354229105434143 -3.4335129310801400 5.0068346206206762 -3.4796734456972773 0.9918733478587478 -2.6397469736269685 2.5617877798004902 2.1529652984456131 -3.4259096447224584 3.0187427822212505 1.6334509682894656 1.1365678127898891 1.8266539874015528 4.1967237113681106 1.1163125342727167 2.5749763024255610 -1.2588737508403789 -1.0852164107657114 6.3652947080989355 -2.6884632223069991 1.4687872876800987 -0.0418708489647416 -0.3003037407979887 -0.1059022220725432 1.8098073190941260 -0.5238800068709122 1.9208929891729734 3.2938360887311084 -4.6703776665110270 0.5554926866752830 1.5909700081212055 -3.6749228700980661 1.7092505084606371 5.9590574064500910 -1.5292912459516688 0.5641999750747942 0.6337081301058776 -2.9335779110944373 2.8359963043642722 3.0388593907413290
9.0000000000000000 0.3640254943371611 13.0000000000000000 6.0000000000000000 3.5975581402961012 -4.8742512606527297 -1.4735666445104725 2.7136972077502421 -3.5907828071865717 -1.9639252310964324 5.3754604000045614 -0.6157934294679572 -2.8102428322643402 1.5391446393928079 2.3513738908624759 2.1991933899797478 1.8255460215746526 -2.3921466314282456 -2.7640342921812566 0.1818604379930435 0.0094585094623336 1.3881788778547628 2.2155358928133135 -0.3375864191538184 -2.3732335834961775 -1.3752419211392644 -2.9573728791975458 0.8094957985446798 0.0949559884665334 -5.0772814327789160 -5.7800994944358717 -3.3553685718978166 4.2579803302621979 -1.0073211618725293 -3.4632282266220011 -4.0852892101812035 4.2882517761700552 0.8289605407419094 3.2891924605541112 -0.3490878546010023 -0.5986019986086737 -1.2375284927235728 -2.7055835969872746 1.0422223228451228 6.8111103323157263 -3.8295899653702756 -1.1371299450892542 2.9468667760829130 2.4217408438413583 -1.2024216184976493 1.4229950307418697 1.6986002233387110 -0.7449781206499949 3.4170734747660969 -0.6505050433278718 4.1324930991127324 -3.2904295885587223 5.9859298168406525 -2.0422585401821545 5.0009576674732212 -2.0510095460125140 1.0671595463810128 -0.0636794664557676 -6.3017752806584113 -2.0490013315884270 0.8710669730656899 2.3711283986184175 0.6487028566325311 -2.5727714220994429 -0.7571676231827718 2.0771948865494974 3.8047060560606258 -5.4554638475575601 9.2982330487795117 -2.7682543959578583 3.5627742173177701 4.1024972792117689 3.0634776606387648 2.5678023999474995 -0.7426082308127022 -4.2877029658798298 1.2911807362615670 1.7281405789319360 -4.2884962667173792 -2.9604204723183773 4.2755468548093436 -4.2719141432286625 -0.6536861779621005 5.6034930475009617 0.9025923257465855 -0.4175987075998623 5.0902273125538384 -5.8507505342411719 5.6922649736730424 5.3123785648583626
10.0000000000000000 0.3032975784655830 13.0000000000000000 6.0000000000000000 0.3720286198153402 1.2455752190717937 -4.2942667276853861 0.3746474358454062 -4.2435239367710693 -0.9797734472257934 2.3220478514558920 -2.3398142047526340 1.4577026147807668 -4.2227300353568111 -0.7959853156184143 -1.2652021976119965 4.8523470612827779 -4.1696683441268547 -1.3281881482509170 0.7216688642644317 1.3911610779599846 0.4114598537009582 4.3389313902215845 0.4100941019029922 3.2244351681501326 -3.0392251227506701 -2.2589900956295494 -1.2349202588150723 3.3521307196530583 -1.8104275780896895 -3.2661640459443992 -5.0569852124131680 1.5813620970093982 -2.2700410781899718 -2.8685061837575430 -0.8041401673502970 0.6158435846953170 0.2492532032156124 -1.2617360094562375 -2.6542293956657983 -2.4279275307334225 -3.6547278084163177 -1.5006979591108121 -4.4128912250930172 5.7496750484558934 -3.9872359749664747 -4.0911950180601178 5.7993265642658116 1.4622307794456058 3.2442964726518331 -1.5926947011904220 1.4191000742352313 -0.6689728802746818 -0.4197997951144509 2.2838172408592183 -0.0371114670341015 -3.0403087116626475 1.4463072225013645 -3.1023848271175134 2.8146498329126484 -1.5976702991486191 -0.5353743125020243 -0.2139349627837333 -0.3648888941382116 0.0248167799881607 1.8529745006498344 -0.8627104682572708 3.3790464192252374 -0.2123091460504732 -3.5077501524394754 2.2754614202267200 -1.8872060561012520 -0.2632903412565080 9.6165956720609689 -1.9893194408781969 -1.1155001019845501 1.8527775186586102 2.1677747620171175 0.6565143463767316 3.7595622064553726 2.5567812141848343 3.7738276073968242 3.1049374301320953 -2.2983439322810604 -4.5044502521820640 4.0529061483156390 -7.3045344178226950 -1.9865311262671381 4.0777360220830143 0.1953172536925014 -2.0052088977985143 5.4735802489681538 -6.7665222378607659 4.1931364118947716 3.2192865961212518
11.0000000000000000 0.3114760514200408 13.0000000000000000 6.0000000000000000 3.2015231265674648 -6.0145481959480209 -2.8824763972711329 3.0383646094144092 -3.0593303398799003 -0.5796297538027174 6.1143079701116214 -1.7095891654393005 -2.4574799945682320 -4.8089324328017984 -2.5937979454038951 0.1566940933043632 1.8272560377398555 -2.3225072345823530 -0.2985664593492077 -3.2383444011725318 -2.1063625943474831 2.0050956004395273 2.5096140006197509 1.1424599834818232 -1.3508402794496197 -0.4073264392401945 -2.2500406694655339 4.2634531266307203 -0.6994737985008724 -5.8073099010677982 2.6183748050882723 -5.2002012452431501 2.2663217665783115 3.5289119733061227 0.8641414606351779 -3.8685422831842837 1.9280719894990781 0.4254170620687899 -0.4124423579907956 -0.2837706411565176 -1.7270720818814851 -4.7338428832006354 -3.9128811068517813 1.8076038209642618 1.8809425878521577 -1.1573322856658583 -7.7700246199638592 3.6561095433026245 2.5923574983811415 3.6571492646030630 -1.4293902863680290 3.4546555770828453 4.7184356717275762 0.0688200820661199 -0.9298707251261628 0.9595863541339900 -3.5017148221350065 3.6535628652141976 -1.1434018345287793 0.6751763809982503 -1.9091871395244682 2.1329775360617944 -2.6229293716150144 -4.1722052518533781 0.5145343208851902 1.8338083160611041 2.4520895768544260 2.5359967291414103 -0.8075116245668701 -0.5361319363798256 3.5640983945819174 0.1355350009578051 -0.3744315009945649 4.6895892565436927 -6.9099395102148335 -4.8528513155837514 -2.1259026380624255 3.2408868490177345 2.2357361137913934 -1.3233510830127782 1.0912932703719673 -1.0564440682661789 1.9786090701208774 -3.6277773487629665 -0.4094577875969723 6.2169544631993148 -7.6831621181897134 0.9871376970973111 8.2166111599674370 3.2714365476433431 3.7443711114166258 8.2566142257583035 -4.9486048763260868 2.6858974624735832 4.0845937903030238
12.0000000000000000 0.3355199320966248 13.0000000000000000 6.0000000000000000 2.2872513742200193 -2.2793599647567415 -5.9121932912374948 2.4853730413813042 -1.0006102220198014 -0.2411893084561322 6.9352110053949625 -2.7736251944527606 2.6988150993557571 -1.0981418234850435 -3.0902117163593790 1.9604032658096548 -1.7209377042884797 0.1738436904576726 -0.4519022725712327 2.6569068049583566 -2.5103477303735753 -0.2827542793343307 7.8182859603353698 -2.0690731632001800 -0.5462004753999201 -4.2515477668969250 -2.3134178896484050 -1.2226651950844523 -0.1381804318082842 -4.3852623906125192 -2.0668296631126188 -3.7442665965646582 1.8150307403703652 1.3474219194499248 0.0687033713160514 -5.3222501726152220 3.6795264091227224 2.2996916650299921 -0.1271279051974774 1.2703877068598826 -1.3427644294427865 -6.6007278890498657 1.5129214555395061 -1.9376807052705916 1.8465098136819507 2.7460373450247024 -3.4473644423306831 7.1742199715184229 5.7889564905660045 4.0754356192582373 -1.4449313596756452 3.3360346949974256 -2.3706440830757436 -0.8872529158977047 -0.9504213644756120 4.6833650667022217 1.3000714099066748 0.0715418079947736 1.2687415475936696 6.2613805268875229 -1.5416441969817449 0.4538439512391903 -1.5468143106005960 -3.3985922484145341 -3.0278458184073953 3.6844755808817502 1.4134628676909999 -1.2593078793291517 1.9191100647273842 2.1693925496413313 -0.0714014792038742 0.0087471462862206 -0.2428270312278578 6.9168091162098904 -5.0845015662776323 -4.6544841270279580 2.8043862914335147 1.4548267597094626 0.3888926868855151 0.3037892951001315 -0.0879867287893815 1.4074193511118764 3.4865120532083695 2.0056361629844455 -1.0499757122748068 4.3352820878226543 -5.6674357993863680 0.9567584731689557 5.3568402886327506 1.8397517874241336 0.0399689675700827 6.2936926788743133 -5.9426137666194627 5.1798519581259495 0.2715689607434446
13.0000000000000000 0.3254328083624191 13.0000000000000000 6.0000000000000000 1.5685097471973455 -4.6694237957193527 -8.0069884211434648 2.0850496144693764 -4.3265290540660910 0.7344044293336980 10.1726736658360117 -3.1255183002389675 -6.3826924351705143 0.8636232122884882 -1.9411142908144821 -4.7102112149660744 -3.3148241785926871 -1.2315101699757500 -1.2581248114634842 3.4743641139966992 -1.2344599677374766 -3.8079991406483495 5.9699014511012125 -3.5330176196120502 -2.8040814508792185 -2.7633614437777902 0.2369968929595343 -0.8761776726815609 -2.6030104137546832 -4.8179278121143367 0.9204650175033777 -3.8234400938989355 2.7910544099413301 -2.7838090337865582 -3.0664722354870162 -3.4801666751813620 2.5881310307715562 2.3280514068266740 -2.3277781117886120 -0.5880892809697901 -1.7161594372742601 -2.0112813789435302 -4.8164999539520199 -1.0162471634521602 -1.1761733247923023 -2.4996277550099348 -4.7209494562479710 4.0236984282442894 4.1182229827486987 0.7504741961939021 -0.7086333811790295 5.0203794439322689 -1.8762959358787665 -2.5474768614639314 1.1350363985220187 7.1086316558981117 -3.2734240632723126 4.6839918047318605 -2.0807396749384188 2.0582627279559964 -0.1232902752333955 1.7884610254648563 0.9516848029097218 -5.6060861007892795 1.4143859237830891 3.2214954776300262 -1.0030170472189543 -1.5200862504188342 -2.7685436687003744 -0.8933911460142060 4.0823424894129419 0.2318469095736722 -1.6076471077238865 6.1670980517375309 -2.2283203166810712 -1.4430272564121542 3.0043648078867098 -0.6655727141190362 1.6850448454541131 1.3284928654234540 -3.5264597041657879 1.6267895603656304 4.7361079810775166 -0.6249643979022610 -5.1760110754013162 4.6665564142695786 -7.0160508535401362 -1.8866929976684665 5.0041424095916733 -1.4898212711917380 -0.1932537833126399 3.1416536193685820 -6.8921578111428179 -3.1850322649508809 3.6319390044451381
14.0000000000000000 0.2946957796966728 13.0000000000000000 6.0000000000000000 2.3839585335418385 -2.7808587906602673 -3.1501594214608737 -0.8932748181938683 -1.2870846801364804 2.5755564424834319 7.9643096347426923 1.2340900877813419 -0.6064553757303226 -5.7150707351962646 -2.1607176485349182 -4.3502457874148641 -0.4985672355678032 -4.3178763390365926 3.0355480591907673 0.2670310643474967 -4.0238327328212264 1.2341981667543398 8.9414620437892065 3.3036931442727986 1.3077821997319863 -5.4049664397664330 0.5165644482433356 0.0629955177618477 -2.2833471616556373 0.1003366293360766 -1.8504176285724014 -7.5027181620310675 2.2910569258489732 -3.2280737094915652 1.2206762589852511 -5.5790986095510000 5.4024524591047136 -1.7253013591817785 -3.7587671928408350 0.0952506106997115 -4.0976205709893669 -2.1601871250372229 -0.8185025425023755 -2.4625666520972942 -0.3866227236862647 1.4292612324205951 -4.8229217575287473 7.0800161922238543 3.5584239998367009 1.2737912969713179 -4.9069445716630149 3.6470477284283396 0.3651343027778596 -1.5745121089620564 0.0511544229997716 4.6553252664204345 -3.3336521388656633 1.5768121163968263 2.1109708353205128 4.1691027826035736 2.8167066769162834 1.9715359876547234 3.0634117417920903 -8.3899296865697774 1.0706992164540177 0.1847225204364069 0.4250817454680297 1.8259665334381794 0.8352939204944188 0.1684944523365588 1.5252941353746856 1.4674861153047036 1.2080804892554549 5.2757285859689151 -2.8981755078933507 -0.4403424978266997 2.0258751363021039 0.9047178391489230 -0.2845535991314878 0.1130481993115846 -0.5871495545891703 -1.5786588636398955 9.0211291247077696 -4.6898209947979437 -1.0995997495426360 3.2416495644575272 -9.8375158552562763 0.4274472944481486 8.0930280717867777 -1.6776764662772241 2.0971788599821894 8.2768021517887291 -8.1832052324858751 -0.9672993467448355 2.0697820783974334
15.0000000000000000 0.3136480116755005 13.0000000000000000 6.0000000000000000 3.2235721526637606 -0.1193631706755744 -5.7447381719141362 -0.6022529057726917 -1.6030328287232560 -1.0705777851748897 10.7546022559488090 -3.1903141225606539 0.6187209361868689 -2.6916810436171472 -2.8846193977527630 -1.9093742690754816 0.1590636190626929 -2.4453462663021308 0.7653216645902901 -0.1711181669952596 -3.9910866619892573 2.1310050008269519 6.2800336163853610 3.2176434966412089 -0.4427925141939185 -4.7735399306335111 1.4814654550638189 0.3563601040890909 -1.6598469643927274 -2.6122222224968796 -0.2813046490864655 -5.0312433929205742 2.6085624626875141 -2.1295163008055260 -1.8931540274795065 -2.7343338823534280 1.4176299729151900 2.2407681293734409 -4.7731964092678325 2.0446070738666813 -0.8874547866211916 -0.0952329331245898 -1.2499313955847187 -3.2271915535356244 1.0205084586240569 -1.7942544563345668 -5.5216073133413568 8.5777902762971987 3.9977593881357407 5.1439735895998480 -3.7711234657605859 5.9795814355043806 -0.4221011045743865 -3.0720833092666995 -1.2012017311644383 5.2778920389295729 -4.0850024087992383 3.2553830440360736 4.2061901052851898 2.0407631579602010 -4.0119518822425988 -1.8253556510237341 3.5202773808911005 -7.8717957082852088 -1.2756244762583016 0.9492003200139579 -0.8742972574849540 1.0528168954772978 -4.3370334600025728 1.5502675850894785 2.8338461200136740 -0.2717869842960731 1.5301683867893601 6.3349346974060818 -5.0079083900648644 -0.7338404180104565 4.9642599939660297 2.5343945089645104 3.4056711241663287 3.8553217132744351 -0.5015945540333695 -1.4951023965204260 3.6667159523203932 -0.2131351046105281 -3.0937101549563732 4.3248648953719977 -7.2066696425502821 1.1996007962669082 8.4528072424901008 -0.3676051738958920 3.7398283873984397 5.5758408212765476 -5.3663496914130526 -0.4595519081729956 3.0353624857112225
16.0000000000000000 0.3023081272928401 13.0000000000000000 6.0000000000000000 2.4918869335912635 -1.2050653457445413 -6.4080790587810332 1.5904287007581752 -0.0414965539593548 0.4407895074699162 5.6006515691711982 0.2073285869081638 -1.4106407865046071 -2.3618643422442216 2.2313654680239363 1.0698676091800707 1.6466324062155384 1.9402586411113709 4.7243644627061681 -1.0739016225964853 2.8131153660270858 0.7397768364132054 5.2266403536111046 2.5246291360312134 3.0887222793465927 -4.3988341818100398 -2.9785121934417269 4.8427576396277594 -1.9894418661960873 -4.2139707560281723 0.3345397515038524 -4.8338162395238911 0.8384705101976504 3.3889312302949177 -0.0717431820430466 -9.4232725145173752 8.1196503665541702 3.0704510460505698 -4.2072779921710568 3.5505808597277126 -5.3656679836973602 -0.6052103161915787 0.6523027627075355 -7.1141256596666551 2.4631241850660426 -2.6696875442993613 -6.5698850165935934 4.5736422913983619 2.4412594538010803 4.1241990578893795 0.5806028157876337 1.7798778650014464 -1.9225269583210784 -2.7056234330933635 0.9675476433661392 6.0646553180583060 -4.7026935552879454 6.9442908905410352 2.8979748401497050 3.9460182688769216 2.2266599153437312 1.3167191902347866 3.9297198422074366 -4.8843915988560900 2.4054601812090106 4.0100927474716217 0.6337369902120846 4.3955783186510704 -1.5223452946917320 2.7696879611948089 3.5434271236385895 3.2416512351050981 1.6626840833651002 3.2321053331257401 -3.6921617815076164 -4.3779227747484395 0.3453266836464541 1.6245333972854017 4.5729330991908963 -2.4410943550490085 -0.4216434416563994 -0.3812348598504886 6.6333513953362546 -2.0684556390373428 -2.3005661685300551 5.0652257149792783 -11.6615945937689656 2.3284416991923913 8.8152083904191443 -0.6243997232066900 -0.9844812912776213 7.3141162042902108 -3.6248638618517015 1.6106481338991145 3.7281448947197102
17.0000000000000000 0.2733392687812109 13.0000000000000000 6.0000000000000000 5.7813384613066106 -0.6106565867615719 -2.4819338823529979 2.7241427321476381 -2.0533113163863734 0.7840535664578406 7.9746636356375920 -5.6074056506329688 -1.3176667583255692 -0.9827027009373475 4.6667584212606412 -5.1120857426668032 -3.3788804730462401 -0.9797883162742278 0.3660354286792816 1.8377133835107196 -0.4937380332064925 0.7019198718578288 5.7593013744766663 -0.9590409918436383 -2.2385904045004144 -0.7978704189094288 -5.8272166924379327 -0.9500951792855368 -1.7239877254383014 -4.4910029298272729 1.4016161729351633 -4.8973851156316321 -1.9001136646785552 -0.7450586346609205 -0.1647693212331262 -6.5213196904358970 5.7646205232826926 3.4716395361171872 -1.3077163877658624 -0.4266064658408055 1.5202207484399783 -3.0259285699250351 -1.0960429988075762 -5.2572032870743106 1.3699134831788453 0.3432841783736518 -7.6210965423866019 6.5175227550958725 3.1772446664239120 6.0621193624953182 -4.5988112831664214 2.1348415183301639 1.7517270128451923 -3.3618375099515418 1.7537470902376058 5.3932323158040800 -3.8174724025627351 4.0329689034435718 3.0793940626672720 2.9827312072919252 -0.1807476256035390 5.4346791961373171 3.8018452371762761 -6.2552943841110631 3.9441423107374947 5.8553996928261363 -3.6599167345841681 6.1248468150386151 -4.5750573957024931 -4.8827868084170918 1.0091988702807178 1.8498384907593630 2.4750674186894370 9.0352744488866303 -5.8345805533230894 -2.8833454162784697 2.8886518159625529 2.8706784011449646 3.4661063879774492 2.2997304046258438 0.6417503716173419 0.2216472835861495 9.5591980774473875 -2.5790139701225896 1.2405646190527015 8.5913956237260933 -7.1420553060250658 1.7383495489049705 8.1412788927316448 3.3295688762492675 -0.9192167207829646 5.7174341329397418 -2.4085840355910402 -3.2229883277293521 2.6750941757800648
18.0000000000000000 0.2726384788377120 13.0000000000000000 6.0000000000000000 1.6336988820810481 -4.0526838114164931 -4.2387732187515006 3.9631585124883908 0.0908722177662360 1.9709286501491459 7.3270551839714226 -5.4266761959071523 -2.7996593459259311 -2.0427859618594546 2.3034025100550055 -4.7886107504195490 3.1222397940120841 2.9441754629957262 0.3571300396207077 -0.8350162938200316 -1.2899231688166095 -1.0523587069937526 12.4277312629231353 -1.5895849539277203 0.6160952221484728 -0.4510531913114878 -1.3273879064149057 0.5323778451655499 1.6375823908533655 -4.6568261172808025 -4.2930145760303864 -3.1903610827078284 1.4076534012352995 -0.9907941964507160 0.0591974571121610 -7.7944147243749402 5.7360816340176397 2.6376192177716495 -0.3939666774215800 -0.6081666953913896 1.0624193765818157 -2.8544569700396418 2.3232919610852187 -0.9873328268328561 1.0416960832574103 2.5109657053212935 -4.0977640045292869 6.1785906517304241 3.9448039837838138 4.6668662352524581 0.5906905826603279 3.6666705880414745 2.4243829107323833 1.8445438781880998 5.3836767161197940 3.1996759951166971 -1.8914815555211071 3.8677454078135654 2.4789204919239385 1.3680755332416801 0.1552838001604162 4.9590811474433067 0.8338121269156085 -10.0849846318305847 2.4006110268963972 4.9776565820533998 0.3437166092485354 2.2130815575679335 -4.6719660026755463 -0.4629644070868424 -0.6024921262955498 0.0116474760711922 6.8092083489964299 4.0655312499118628 -2.4115199658252457 -0.7903812307022329 2.7751500883679805 -3.8229252175262567 1.7135896785136675 -0.6023883116585658 4.1229002951747180 -2.3490288170780769 4.9223327477318826 -0.7445299114816852 -1.2479967383545643 8.1856141472462767 -6.9990257098139947 -2.2433683502076103 10.8878907015392166 3.4922656584119571 -3.5472572595487146 7.5407010572679667 -11.7536758440561258 -1.6717965561642214 6.2210204622564031
19.0000000000000000 0.2634399009670647 13.0000000000000000 6.0000000000000000 2.2895079985950031 -10.8183496507903332 2.8617443422596112 1.4074351248291008 -2.8320326208320594 4.5879445080375056 7.1748719857649128 -5.6776553377385515 -0.9263952859292195 -2.0337995770867936 0.3652865396376368 -2.9698503186336538 0.9876491420216602 0.6515855133009860 -0.1408937791299628 1.9477945994849060 1.4642529804266304 2.3205154492988709 9.3609098649616787 -2.4025132260919042 4.1888741414666306 1.0079029871566854 -1.4372590389418451 1.1582203453607383 0.1186036855950570 -2.6498093767853619 -1.0284601445425947 -5.3474614515155174 2.6922818783562938 -1.6694098971649638 0.8036406971862936 -8.0907415723272944 3.2045793368330227 3.1686546582613255 -1.8042241947224082 -1.6091989317877133 2.2455556199278011 -7.3738080269635953 -0.2237762450891116 -2.3699986143776024 1.4478488217307197 0.2190988052456827 -2.1648578572051589 2.2043127735038972 3.5767670953252173 5.0019548328175416 2.4551376668418992 2.5971726782764626 2.1898896281764335 -3.8366469813021933 6.9990120078949953 5.7436183563502325 -5.4494738492759733 2.1421338802621492 7.7782680158707098 4.1771845319827943 -5.3645123721166774 6.1416887863630212 -0.2053126982157685 -6.3982021359769403 1.5247784325727303 4.2495104556104444 -0.1649424906273385 2.3211482855433299 -5.2532596593991387 2.4216556366588788 1.2593428949918817 -0.7745850865411867 -1.8396622325765941 4.8754072893733378 0.9173985219281580 1.6639806293097359 1.2470913352211137 1.1777907225924791 2.0037462265629880 -0.1695243139469248 0.2736963152209838 -0.4312628324463045 4.5738244412514586 -5.3760879412301996 -4.0051765568520556 2.9076882769025834 -11.0359741472893838 0.9290026372751725 14.6064096920836537 1.4245286602246927 -0.3396266556552054 5.3736087829827142 -8.9426188314524424 0.2785382764527423 2.6876464488445411
